intensity-pitch: 0.29590612779749353
intensity-stdIntensity: -0.9257878411915365
intensity-stdPitch: 0.6747155199887731
intensity-maxIntensity: 0.3870644546791674
intensity-minIntensity: 0.6594130262278509
intensity-maxPitch: 0.6335913359392079
intensity-minPitch: -0.7916069147000664
pitch-stdIntensity: -0.39387749713971876
pitch-stdPitch: 0.8393571113410767
pitch-maxIntensity: 0.8585944963726004
pitch-minIntensity: 0.5480409719927215
pitch-maxPitch: 0.7985547267147839
pitch-minPitch: 0.14278320554211657
stdIntensity-stdPitch: -0.5983840875495748
stdIntensity-maxIntensity: -0.4622036284552183
stdIntensity-minIntensity: -0.886113264449325
stdIntensity-maxPitch: -0.5368961022031837
stdIntensity-minPitch: 0.8328037336967871
stdPitch-maxIntensity: 0.7887168815985375
stdPitch-minIntensity: 0.4962088481443189
stdPitch-maxPitch: 0.9633400519687856
stdPitch-minPitch: -0.14467562095695619
maxIntensity-minIntensity: 0.6150506607707957
maxIntensity-maxPitch: 0.6202204991493829
maxIntensity-minPitch: -0.10689248043555485
minIntensity-maxPitch: 0.3903500378220003
minIntensity-minPitch: -0.6710370594811939
maxPitch-minPitch: -0.047655866685912096


The correlation coefficient are higher than 7:
intensity-stdIntensity: -0.9257878411915365
intensity-minPitch: -0.7916069147000664
pitch-stdPitch: 0.8393571113410767
pitch-maxIntensity: 0.8585944963726004
pitch-maxPitch: 0.7985547267147839
stdIntensity-minIntensity: -0.886113264449325
stdIntensity-minPitch: 0.8328037336967871
stdPitch-maxIntensity: 0.7887168815985375
stdPitch-maxPitch: 0.9633400519687856
