intensity-pitch: 0.13546142452760485
intensity-stdIntensity: -0.8263618643728251
intensity-stdPitch: 0.10690374870896549
intensity-maxIntensity: 0.30757698089345187
intensity-minIntensity: 0.003790545477520141
intensity-maxPitch: 0.2031682869572009
intensity-minPitch: 0.26069936491752754
pitch-stdIntensity: -0.1989646038878285
pitch-stdPitch: 0.979754710660373
pitch-maxIntensity: 0.22427309533606654
pitch-minIntensity: 0.2764164384976543
pitch-maxPitch: 0.6471221576812684
pitch-minPitch: 0.49575700326446737
stdIntensity-stdPitch: -0.13472149639409978
stdIntensity-maxIntensity: -0.22166275074104047
stdIntensity-minIntensity: -0.41168210387460386
stdIntensity-maxPitch: -0.07410560881249417
stdIntensity-minPitch: -0.18907692661650152
stdPitch-maxIntensity: 0.2319760033336983
stdPitch-minIntensity: 0.2777233306028396
stdPitch-maxPitch: 0.7376812064402876
stdPitch-minPitch: 0.42823213368351093
maxIntensity-minIntensity: 0.32527847363371526
maxIntensity-maxPitch: 0.014722521173092168
maxIntensity-minPitch: 0.7314629776958814
minIntensity-maxPitch: -0.04576293473498909
minIntensity-minPitch: 0.33362389024486994
maxPitch-minPitch: -0.11615317340249176


The correlation coefficient are higher than 7:
intensity-stdIntensity: -0.8263618643728251
pitch-stdPitch: 0.979754710660373
stdPitch-maxPitch: 0.7376812064402876
maxIntensity-minPitch: 0.7314629776958814
