intensity-pitch: 0.9553421144625119
intensity-stdIntensity: -0.9447006031690846
intensity-stdPitch: 0.9564502084521362
intensity-maxIntensity: -0.6289634770442522
intensity-minIntensity: 0.7468337756161997
intensity-maxPitch: 0.6737633690943676
intensity-minPitch: 0.02789217346360187
pitch-stdIntensity: -0.8350611784318338
pitch-stdPitch: 0.9917504583229821
pitch-maxIntensity: -0.5342453571162669
pitch-minIntensity: 0.5976370893297818
pitch-maxPitch: 0.6476564684346195
pitch-minPitch: 0.14831858533089282
stdIntensity-stdPitch: -0.856292339500375
stdIntensity-maxIntensity: 0.7297196975266202
stdIntensity-minIntensity: -0.8701477365409334
stdIntensity-maxPitch: -0.6722760084614655
stdIntensity-minPitch: 0.1552019113218766
stdPitch-maxIntensity: -0.5611154882263412
stdPitch-minIntensity: 0.6510864047995324
stdPitch-maxPitch: 0.7137482103195913
stdPitch-minPitch: 0.06827809289202226
maxIntensity-minIntensity: -0.7165646920676068
maxIntensity-maxPitch: -0.4442055962115907
maxIntensity-minPitch: 0.18761798264762045
minIntensity-maxPitch: 0.6227784217413654
minIntensity-minPitch: -0.28615987683400423
maxPitch-minPitch: 0.06391389404409903


The correlation coefficient are higher than 7:
intensity-pitch: 0.9553421144625119
intensity-stdIntensity: -0.9447006031690846
intensity-stdPitch: 0.9564502084521362
intensity-minIntensity: 0.7468337756161997
pitch-stdIntensity: -0.8350611784318338
pitch-stdPitch: 0.9917504583229821
stdIntensity-stdPitch: -0.856292339500375
stdIntensity-maxIntensity: 0.7297196975266202
stdIntensity-minIntensity: -0.8701477365409334
stdPitch-maxPitch: 0.7137482103195913
maxIntensity-minIntensity: -0.7165646920676068
