intensity-pitch: 0.7082458619324761
intensity-stdIntensity: -0.973487062687395
intensity-stdPitch: 0.6693093317991826
intensity-maxIntensity: -0.7321680474752311
intensity-minIntensity: 0.8944331943527999
intensity-maxPitch: 0.683431210732925
intensity-minPitch: 0.8267240249460389
pitch-stdIntensity: -0.8439122746128953
pitch-stdPitch: 0.9769140199410244
pitch-maxIntensity: -0.8516829907820713
pitch-minIntensity: 0.9491750106423873
pitch-maxPitch: 0.9993241023096514
pitch-minPitch: 0.5954321497118819
stdIntensity-stdPitch: -0.821510075781487
stdIntensity-maxIntensity: 0.7831755198958199
stdIntensity-minIntensity: -0.9688169409818751
stdIntensity-maxPitch: -0.825845276761175
stdIntensity-minPitch: -0.8454478732208471
stdPitch-maxIntensity: -0.7224264466495536
stdPitch-minIntensity: 0.9180391212500378
stdPitch-maxPitch: 0.9800535569528286
stdPitch-minPitch: 0.6821307423622818
maxIntensity-minIntensity: -0.8639238198247629
maxIntensity-maxPitch: -0.8385383428323756
maxIntensity-minPitch: -0.3356648463311669
minIntensity-maxPitch: 0.937735491975486
minIntensity-minPitch: 0.7479775272689462
maxPitch-minPitch: 0.5824345653862872


The correlation coefficient are higher than 7:
intensity-pitch: 0.7082458619324761
intensity-stdIntensity: -0.973487062687395
intensity-maxIntensity: -0.7321680474752311
intensity-minIntensity: 0.8944331943527999
intensity-minPitch: 0.8267240249460389
pitch-stdIntensity: -0.8439122746128953
pitch-stdPitch: 0.9769140199410244
pitch-maxIntensity: -0.8516829907820713
pitch-minIntensity: 0.9491750106423873
pitch-maxPitch: 0.9993241023096514
stdIntensity-stdPitch: -0.821510075781487
stdIntensity-maxIntensity: 0.7831755198958199
stdIntensity-minIntensity: -0.9688169409818751
stdIntensity-maxPitch: -0.825845276761175
stdIntensity-minPitch: -0.8454478732208471
stdPitch-maxIntensity: -0.7224264466495536
stdPitch-minIntensity: 0.9180391212500378
stdPitch-maxPitch: 0.9800535569528286
maxIntensity-minIntensity: -0.8639238198247629
maxIntensity-maxPitch: -0.8385383428323756
minIntensity-maxPitch: 0.937735491975486
minIntensity-minPitch: 0.7479775272689462
