intensity-pitch: 0.9998728565740166
intensity-stdIntensity: 0.9879481568523018
intensity-stdPitch: 0.9950734905138177
intensity-maxIntensity: -0.9950444771638279
intensity-minIntensity: -0.9917573824525622
intensity-maxPitch: 0.986290899616229
intensity-minPitch: 0.6804559562735719
pitch-stdIntensity: 0.9902907290439309
pitch-stdPitch: 0.9933660994551586
pitch-maxIntensity: -0.9965034745093329
pitch-minIntensity: -0.9936744308500526
pitch-maxPitch: 0.9887968215496664
pitch-minPitch: 0.6920543966907269
stdIntensity-stdPitch: 0.967735615238361
stdIntensity-maxIntensity: -0.998442770921288
stdIntensity-minIntensity: -0.9996374964073904
stdIntensity-maxPitch: 0.9999462920812556
stdIntensity-minPitch: 0.785680052472807
stdPitch-maxIntensity: -0.9802848049125499
stdPitch-minIntensity: -0.9741686673499647
stdPitch-maxPitch: 0.9650722401996764
stdPitch-minPitch: 0.6044549511073883
maxIntensity-minIntensity: 0.9995827763954728
maxIntensity-maxPitch: -0.9978109834473159
maxIntensity-minPitch: -0.7499457524139472
minIntensity-maxPitch: -0.9993047720325665
minIntensity-minPitch: -0.7687394629926154
maxPitch-minPitch: 0.7920493818388101


The correlation coefficient are higher than 7:
intensity-pitch: 0.9998728565740166
intensity-stdIntensity: 0.9879481568523018
intensity-stdPitch: 0.9950734905138177
intensity-maxIntensity: -0.9950444771638279
intensity-minIntensity: -0.9917573824525622
intensity-maxPitch: 0.986290899616229
pitch-stdIntensity: 0.9902907290439309
pitch-stdPitch: 0.9933660994551586
pitch-maxIntensity: -0.9965034745093329
pitch-minIntensity: -0.9936744308500526
pitch-maxPitch: 0.9887968215496664
stdIntensity-stdPitch: 0.967735615238361
stdIntensity-maxIntensity: -0.998442770921288
stdIntensity-minIntensity: -0.9996374964073904
stdIntensity-maxPitch: 0.9999462920812556
stdIntensity-minPitch: 0.785680052472807
stdPitch-maxIntensity: -0.9802848049125499
stdPitch-minIntensity: -0.9741686673499647
stdPitch-maxPitch: 0.9650722401996764
maxIntensity-minIntensity: 0.9995827763954728
maxIntensity-maxPitch: -0.9978109834473159
maxIntensity-minPitch: -0.7499457524139472
minIntensity-maxPitch: -0.9993047720325665
minIntensity-minPitch: -0.7687394629926154
maxPitch-minPitch: 0.7920493818388101
