intensity-pitch: 0.893103456724569
intensity-stdIntensity: -0.9869106725569626
intensity-stdPitch: 0.8310381976325576
intensity-maxIntensity: 0.15611044453138095
intensity-minIntensity: 0.6757852005823426
intensity-maxPitch: 0.3865584116395864
intensity-minPitch: -0.11929541256349574
pitch-stdIntensity: -0.8892356404891673
pitch-stdPitch: 0.9585391859946102
pitch-maxIntensity: -0.028123610989650105
pitch-minIntensity: 0.6354675738286583
pitch-maxPitch: 0.5149713911122739
pitch-minPitch: -0.19249127473659833
stdIntensity-stdPitch: -0.8280616384381259
stdIntensity-maxIntensity: -0.1372421033318926
stdIntensity-minIntensity: -0.7178663343131273
stdIntensity-maxPitch: -0.4481307798582946
stdIntensity-minPitch: 0.12643443826276127
stdPitch-maxIntensity: -0.05824120016679468
stdPitch-minIntensity: 0.5397193109077659
stdPitch-maxPitch: 0.6262632795257231
stdPitch-minPitch: -0.18360772877015075
maxIntensity-minIntensity: 0.05860647919356318
maxIntensity-maxPitch: 0.018124814823297974
maxIntensity-minPitch: 0.03404094676959274
minIntensity-maxPitch: 0.21948284572341162
minIntensity-minPitch: -0.0432721312518555
maxPitch-minPitch: -0.37420895051213854


The correlation coefficient are higher than 7:
intensity-pitch: 0.893103456724569
intensity-stdIntensity: -0.9869106725569626
intensity-stdPitch: 0.8310381976325576
pitch-stdIntensity: -0.8892356404891673
pitch-stdPitch: 0.9585391859946102
stdIntensity-stdPitch: -0.8280616384381259
stdIntensity-minIntensity: -0.7178663343131273
