intensity-pitch: 0.8465496767579841
intensity-stdIntensity: -0.9762533053048663
intensity-stdPitch: 0.7996236386557531
intensity-maxIntensity: -0.5973327561701137
intensity-minIntensity: 0.7094180634339118
intensity-maxPitch: 0.20667208823287175
intensity-minPitch: -0.22483073562955874
pitch-stdIntensity: -0.8096903855901008
pitch-stdPitch: 0.9938643782871789
pitch-maxIntensity: -0.5216959656908132
pitch-minIntensity: 0.7653171940384221
pitch-maxPitch: 0.5922875641408115
pitch-minPitch: -0.13892571464338627
stdIntensity-stdPitch: -0.7592553850483685
stdIntensity-maxIntensity: 0.5898442710780964
stdIntensity-minIntensity: -0.6437075852300878
stdIntensity-maxPitch: -0.15872944178575388
stdIntensity-minPitch: 0.13432166820259345
stdPitch-maxIntensity: -0.5296410779336745
stdPitch-minIntensity: 0.7732094062064961
stdPitch-maxPitch: 0.6603618592697081
stdPitch-minPitch: -0.143035680853909
maxIntensity-minIntensity: -0.4784076499456733
maxIntensity-maxPitch: -0.18397122494669624
maxIntensity-minPitch: 0.31446597713245905
minIntensity-maxPitch: 0.2916574355012873
minIntensity-minPitch: -0.014987424161691229
maxPitch-minPitch: -0.27249442570755134


The correlation coefficient are higher than 7:
intensity-pitch: 0.8465496767579841
intensity-stdIntensity: -0.9762533053048663
intensity-stdPitch: 0.7996236386557531
intensity-minIntensity: 0.7094180634339118
pitch-stdIntensity: -0.8096903855901008
pitch-stdPitch: 0.9938643782871789
pitch-minIntensity: 0.7653171940384221
stdIntensity-stdPitch: -0.7592553850483685
stdPitch-minIntensity: 0.7732094062064961
