intensity-pitch: 0.8620593624131618
intensity-stdIntensity: -0.9947955557452086
intensity-stdPitch: 0.8551506889448555
intensity-maxIntensity: 0.16855478797326684
intensity-minIntensity: 0.7707087970627886
intensity-maxPitch: 0.6543309563301447
intensity-minPitch: 0.8429946753332827
pitch-stdIntensity: -0.8391153949191539
pitch-stdPitch: 0.9937464260402926
pitch-maxIntensity: -0.24271870103161614
pitch-minIntensity: 0.38710219989819566
pitch-maxPitch: 0.9082848740441666
pitch-minPitch: 0.9568001885000799
stdIntensity-stdPitch: -0.8347089477977785
stdIntensity-maxIntensity: -0.14768710413411062
stdIntensity-minIntensity: -0.7790386136281432
stdIntensity-maxPitch: -0.650643709207586
stdIntensity-minPitch: -0.8456717973722989
stdPitch-maxIntensity: -0.29587064487184617
stdPitch-minIntensity: 0.3456515112629678
stdPitch-maxPitch: 0.932890070796947
stdPitch-minPitch: 0.9731000403804194
maxIntensity-minIntensity: 0.7041079080616278
maxIntensity-maxPitch: -0.6157445292345317
maxIntensity-minPitch: -0.38390309712940196
minIntensity-maxPitch: 0.04537810309071705
minIntensity-minPitch: 0.33483215162456265
maxPitch-minPitch: 0.9547895316948454


The correlation coefficient are higher than 7:
intensity-pitch: 0.8620593624131618
intensity-stdIntensity: -0.9947955557452086
intensity-stdPitch: 0.8551506889448555
intensity-minIntensity: 0.7707087970627886
intensity-minPitch: 0.8429946753332827
pitch-stdIntensity: -0.8391153949191539
pitch-stdPitch: 0.9937464260402926
pitch-maxPitch: 0.9082848740441666
pitch-minPitch: 0.9568001885000799
stdIntensity-stdPitch: -0.8347089477977785
stdIntensity-minIntensity: -0.7790386136281432
stdIntensity-minPitch: -0.8456717973722989
stdPitch-maxPitch: 0.932890070796947
stdPitch-minPitch: 0.9731000403804194
maxIntensity-minIntensity: 0.7041079080616278
maxPitch-minPitch: 0.9547895316948454
