intensity-pitch: 0.7867160536041051
intensity-stdIntensity: -0.9118535151089167
intensity-stdPitch: 0.8311211172163365
intensity-maxIntensity: 0.15412314798505913
intensity-minIntensity: 0.9328629305976144
intensity-maxPitch: 0.8934798046009169
intensity-minPitch: -0.11684532418990959
pitch-stdIntensity: -0.8199223201134984
pitch-stdPitch: 0.982651515433095
pitch-maxIntensity: -0.41693920116379857
pitch-minIntensity: 0.6849058414907799
pitch-maxPitch: 0.8483879198348729
pitch-minPitch: 0.17762460100200464
stdIntensity-stdPitch: -0.786335538146343
stdIntensity-maxIntensity: 0.1788336020923948
stdIntensity-minIntensity: -0.969358061588388
stdIntensity-maxPitch: -0.7103521118990584
stdIntensity-minPitch: 0.3688685764115282
stdPitch-maxIntensity: -0.26193670424144594
stdPitch-minIntensity: 0.6768829940424064
stdPitch-maxPitch: 0.9292168954235682
stdPitch-minPitch: 0.27804343350163446
maxIntensity-minIntensity: 0.04959660141958028
maxIntensity-maxPitch: 0.11000734394134114
maxIntensity-minPitch: 0.016043342749917477
minIntensity-maxPitch: 0.6804556053026957
minIntensity-minPitch: -0.457090325516082
maxPitch-minPitch: 0.3395240895049333


The correlation coefficient are higher than 7:
intensity-pitch: 0.7867160536041051
intensity-stdIntensity: -0.9118535151089167
intensity-stdPitch: 0.8311211172163365
intensity-minIntensity: 0.9328629305976144
intensity-maxPitch: 0.8934798046009169
pitch-stdIntensity: -0.8199223201134984
pitch-stdPitch: 0.982651515433095
pitch-maxPitch: 0.8483879198348729
stdIntensity-stdPitch: -0.786335538146343
stdIntensity-minIntensity: -0.969358061588388
stdIntensity-maxPitch: -0.7103521118990584
stdPitch-maxPitch: 0.9292168954235682
