intensity-pitch: 0.7978995464877823
intensity-stdIntensity: -0.9570738283556698
intensity-stdPitch: 0.8294178148490092
intensity-maxIntensity: 0.35538583830274184
intensity-minIntensity: 0.29593903896998486
intensity-maxPitch: 0.885136526113394
intensity-minPitch: -0.6078659783093581
pitch-stdIntensity: -0.6547569728201564
pitch-stdPitch: 0.9865401974983521
pitch-maxIntensity: -0.031426865358714515
pitch-minIntensity: 0.23647242712095262
pitch-maxPitch: 0.7652977925700387
pitch-minPitch: -0.731459684941291
stdIntensity-stdPitch: -0.6842100000482239
stdIntensity-maxIntensity: -0.34524553804845015
stdIntensity-minIntensity: -0.23656972425818606
stdIntensity-maxPitch: -0.7766150496802999
stdIntensity-minPitch: 0.5432947856477744
stdPitch-maxIntensity: -0.03412407210328858
stdPitch-minIntensity: 0.19989701649959798
stdPitch-maxPitch: 0.8192001640616122
stdPitch-minPitch: -0.7397697376277745
maxIntensity-minIntensity: 0.2660921513156939
maxIntensity-maxPitch: 0.23300612896985448
maxIntensity-minPitch: 0.23502047959613634
minIntensity-maxPitch: 0.5013862953056838
minIntensity-minPitch: 0.04598639324438389
maxPitch-minPitch: -0.46540540556428006


The correlation coefficient are higher than 7:
intensity-pitch: 0.7978995464877823
intensity-stdIntensity: -0.9570738283556698
intensity-stdPitch: 0.8294178148490092
intensity-maxPitch: 0.885136526113394
pitch-stdPitch: 0.9865401974983521
pitch-maxPitch: 0.7652977925700387
pitch-minPitch: -0.731459684941291
stdIntensity-maxPitch: -0.7766150496802999
stdPitch-maxPitch: 0.8192001640616122
stdPitch-minPitch: -0.7397697376277745
