intensity-pitch: 0.7514904334333286
intensity-stdIntensity: -0.8769534509816554
intensity-stdPitch: 0.670137104042071
intensity-maxIntensity: 0.5720019715799244
intensity-minIntensity: 0.7436780213385094
intensity-maxPitch: 0.18228421093205668
intensity-minPitch: -0.6224305463592018
pitch-stdIntensity: -0.5937370844366197
pitch-stdPitch: 0.9496127753120384
pitch-maxIntensity: 0.6375354940863405
pitch-minIntensity: 0.5226544623321965
pitch-maxPitch: 0.6103222978835847
pitch-minPitch: -0.34643489950216777
stdIntensity-stdPitch: -0.47476617166407675
stdIntensity-maxIntensity: -0.27252001555579647
stdIntensity-minIntensity: -0.8952360958099121
stdIntensity-maxPitch: -0.34872105062630054
stdIntensity-minPitch: 0.4162627035651935
stdPitch-maxIntensity: 0.6856976425746777
stdPitch-minIntensity: 0.3317537445081463
stdPitch-maxPitch: 0.6042153903961203
stdPitch-minPitch: -0.14870628355606244
maxIntensity-minIntensity: 0.10909518296503196
maxIntensity-maxPitch: 0.26269944578647253
maxIntensity-minPitch: -0.42228416797576634
minIntensity-maxPitch: 0.26351974007320356
minIntensity-minPitch: -0.3798527447131892
maxPitch-minPitch: 0.2518554559278245


The correlation coefficient are higher than 7:
intensity-pitch: 0.7514904334333286
intensity-stdIntensity: -0.8769534509816554
intensity-minIntensity: 0.7436780213385094
pitch-stdPitch: 0.9496127753120384
stdIntensity-minIntensity: -0.8952360958099121
