intensity-pitch: 0.6616667702799411
intensity-stdIntensity: -0.9557001645278338
intensity-stdPitch: 0.6668238133235125
intensity-maxIntensity: 0.4421660514396873
intensity-minIntensity: 0.8446372829212492
intensity-maxPitch: 0.8255075583063269
intensity-minPitch: -0.6138462222065857
pitch-stdIntensity: -0.5524279918520669
pitch-stdPitch: 0.9852405264195269
pitch-maxIntensity: 0.4167774315622512
pitch-minIntensity: 0.3629509600704182
pitch-maxPitch: 0.7939606415359295
pitch-minPitch: -0.39211615849444925
stdIntensity-stdPitch: -0.5470407820878069
stdIntensity-maxIntensity: -0.5312198037156785
stdIntensity-minIntensity: -0.9546971601576478
stdIntensity-maxPitch: -0.6966148738816345
stdIntensity-minPitch: 0.6201783232927668
stdPitch-maxIntensity: 0.3454403284244587
stdPitch-minIntensity: 0.3751420437517303
stdPitch-maxPitch: 0.8103063327234018
stdPitch-minPitch: -0.42052363974946605
maxIntensity-minIntensity: 0.5133921546119368
maxIntensity-maxPitch: 0.33218821997737813
maxIntensity-minPitch: -0.2755894316780101
minIntensity-maxPitch: 0.5467560923463537
minIntensity-minPitch: -0.5266666249115544
maxPitch-minPitch: -0.37061918346237027


The correlation coefficient are higher than 7:
intensity-stdIntensity: -0.9557001645278338
intensity-minIntensity: 0.8446372829212492
intensity-maxPitch: 0.8255075583063269
pitch-stdPitch: 0.9852405264195269
pitch-maxPitch: 0.7939606415359295
stdIntensity-minIntensity: -0.9546971601576478
stdPitch-maxPitch: 0.8103063327234018
