intensity-pitch: 0.8632169754574561
intensity-stdIntensity: -0.9903160090244609
intensity-stdPitch: 0.7988611037505108
intensity-maxIntensity: 0.9802365957342644
intensity-minIntensity: 0.9995312799779319
intensity-maxPitch: 0.42309297448565425
intensity-minPitch: 0.04570345315205669
pitch-stdIntensity: -0.924944356499504
pitch-stdPitch: 0.9932554138912036
pitch-maxIntensity: 0.9460273720662847
pitch-minIntensity: 0.8473573804047525
pitch-maxPitch: 0.8226433750660419
pitch-minPitch: 0.5437575663545684
stdIntensity-stdPitch: -0.8746342803683275
stdIntensity-maxIntensity: -0.9982088682395148
stdIntensity-minIntensity: -0.985601631085774
stdIntensity-maxPitch: -0.5447891174878952
stdIntensity-minPitch: -0.18394735023946152
stdPitch-maxIntensity: 0.9020699580087219
stdPitch-minIntensity: 0.7800718321091662
stdPitch-maxPitch: 0.8830174886642567
stdPitch-minPitch: 0.6373976915053163
maxIntensity-minIntensity: 0.9737207988809835
maxIntensity-maxPitch: 0.5939811365684581
maxIntensity-minPitch: 0.24242223161414844
minIntensity-maxPitch: 0.395155687591457
minIntensity-minPitch: 0.015099966439215753
maxPitch-minPitch: 0.9244762696513198


The correlation coefficient are higher than 7:
intensity-pitch: 0.8632169754574561
intensity-stdIntensity: -0.9903160090244609
intensity-stdPitch: 0.7988611037505108
intensity-maxIntensity: 0.9802365957342644
intensity-minIntensity: 0.9995312799779319
pitch-stdIntensity: -0.924944356499504
pitch-stdPitch: 0.9932554138912036
pitch-maxIntensity: 0.9460273720662847
pitch-minIntensity: 0.8473573804047525
pitch-maxPitch: 0.8226433750660419
stdIntensity-stdPitch: -0.8746342803683275
stdIntensity-maxIntensity: -0.9982088682395148
stdIntensity-minIntensity: -0.985601631085774
stdPitch-maxIntensity: 0.9020699580087219
stdPitch-minIntensity: 0.7800718321091662
stdPitch-maxPitch: 0.8830174886642567
maxIntensity-minIntensity: 0.9737207988809835
maxPitch-minPitch: 0.9244762696513198
