intensity-pitch: 0.6830135613867927
intensity-stdIntensity: -0.950302764500743
intensity-stdPitch: 0.6535121862965567
intensity-maxIntensity: 0.47510521240177067
intensity-minIntensity: 0.8715384846900116
intensity-maxPitch: 0.639920119435696
intensity-minPitch: -0.15713613233245108
pitch-stdIntensity: -0.676123777586895
pitch-stdPitch: 0.9817478599418106
pitch-maxIntensity: 0.15375126702068892
pitch-minIntensity: 0.6733281925253736
pitch-maxPitch: 0.6610211039087528
pitch-minPitch: -0.35646600089779445
stdIntensity-stdPitch: -0.6453923933858007
stdIntensity-maxIntensity: -0.4018411874810347
stdIntensity-minIntensity: -0.9243529279274773
stdIntensity-maxPitch: -0.5631724539668551
stdIntensity-minPitch: 0.05528798418107239
stdPitch-maxIntensity: 0.10514989431680016
stdPitch-minIntensity: 0.6705438518776308
stdPitch-maxPitch: 0.7353898270922334
stdPitch-minPitch: -0.49085713826004496
maxIntensity-minIntensity: 0.49346073802788126
maxIntensity-maxPitch: 0.02240115687739308
maxIntensity-minPitch: -0.019474334676427316
minIntensity-maxPitch: 0.5275711029487429
minIntensity-minPitch: -0.17891484527760393
maxPitch-minPitch: -0.45371433783267534


The correlation coefficient are higher than 7:
intensity-stdIntensity: -0.950302764500743
intensity-minIntensity: 0.8715384846900116
pitch-stdPitch: 0.9817478599418106
stdIntensity-minIntensity: -0.9243529279274773
stdPitch-maxPitch: 0.7353898270922334
