intensity-pitch: 0.7584355919151443
intensity-stdIntensity: -0.9922424055880761
intensity-stdPitch: 0.7648762545577358
intensity-maxIntensity: 0.3152368083776976
intensity-minIntensity: 0.7451678974742895
intensity-maxPitch: 0.3923956362286748
intensity-minPitch: -0.455316078358665
pitch-stdIntensity: -0.7317633612720151
pitch-stdPitch: 0.9601753230026201
pitch-maxIntensity: 0.3805127417560626
pitch-minIntensity: 0.24307499577658306
pitch-maxPitch: 0.8538558112167829
pitch-minPitch: -0.6096400137386478
stdIntensity-stdPitch: -0.7212253548022787
stdIntensity-maxIntensity: -0.2438988929766888
stdIntensity-minIntensity: -0.8085585846717747
stdIntensity-maxPitch: -0.4026240275623965
stdIntensity-minPitch: 0.34853474631100934
stdPitch-maxIntensity: 0.2790210215095539
stdPitch-minIntensity: 0.22311246157718845
stdPitch-maxPitch: 0.7583466595169941
stdPitch-minPitch: -0.7603500134679054
maxIntensity-minIntensity: -0.14307300825779223
maxIntensity-maxPitch: 0.08643658615690422
maxIntensity-minPitch: -0.42638587842657305
minIntensity-maxPitch: 0.023861576312753874
minIntensity-minPitch: 0.1816050876001906
maxPitch-minPitch: -0.2874291669142081


The correlation coefficient are higher than 7:
intensity-pitch: 0.7584355919151443
intensity-stdIntensity: -0.9922424055880761
intensity-stdPitch: 0.7648762545577358
intensity-minIntensity: 0.7451678974742895
pitch-stdIntensity: -0.7317633612720151
pitch-stdPitch: 0.9601753230026201
pitch-maxPitch: 0.8538558112167829
stdIntensity-stdPitch: -0.7212253548022787
stdIntensity-minIntensity: -0.8085585846717747
stdPitch-maxPitch: 0.7583466595169941
stdPitch-minPitch: -0.7603500134679054
