intensity-pitch: 0.6025194478934166
intensity-stdIntensity: -0.9060822718277497
intensity-stdPitch: 0.5485411044355533
intensity-maxIntensity: 0.5081877229763848
intensity-minIntensity: 0.6167401106017788
intensity-maxPitch: -0.35296227790277557
intensity-minPitch: -0.33695208277807875
pitch-stdIntensity: -0.4021568578278448
pitch-stdPitch: 0.957051441078026
pitch-maxIntensity: 0.14268244246698025
pitch-minIntensity: 0.5594381296883052
pitch-maxPitch: 0.11022910432789813
pitch-minPitch: -0.1845235675053508
stdIntensity-stdPitch: -0.35980072942339447
stdIntensity-maxIntensity: -0.3139881515130124
stdIntensity-minIntensity: -0.6562206742352972
stdIntensity-maxPitch: 0.5065086047471674
stdIntensity-minPitch: 0.439943985792964
stdPitch-maxIntensity: 0.12095837179552849
stdPitch-minIntensity: 0.5496343828982041
stdPitch-maxPitch: 0.1696361112609352
stdPitch-minPitch: -0.13175482044177966
maxIntensity-minIntensity: 0.21016489192825624
maxIntensity-maxPitch: -0.23203259877434235
maxIntensity-minPitch: 0.030183263778537497
minIntensity-maxPitch: -0.1620794682168279
minIntensity-minPitch: -0.4242935878854521
maxPitch-minPitch: 0.5075000841544289


The correlation coefficient are higher than 7:
intensity-stdIntensity: -0.9060822718277497
pitch-stdPitch: 0.957051441078026
