intensity-pitch: 0.6938902598953061
intensity-stdIntensity: -0.9558623164235467
intensity-stdPitch: 0.6267187163495888
intensity-maxIntensity: -0.1674256856920606
intensity-minIntensity: 0.22095076722855075
intensity-maxPitch: 0.4376487256653505
intensity-minPitch: -0.17476241406203566
pitch-stdIntensity: -0.5881687193406976
pitch-stdPitch: 0.9663229710926761
pitch-maxIntensity: 0.17132687262972285
pitch-minIntensity: 0.261495482913653
pitch-maxPitch: 0.5609460035420453
pitch-minPitch: -0.09177827590489036
stdIntensity-stdPitch: -0.5198314596708805
stdIntensity-maxIntensity: 0.2034019679342165
stdIntensity-minIntensity: -0.3565109120823309
stdIntensity-maxPitch: -0.3821496436967299
stdIntensity-minPitch: 0.22776772722383512
stdPitch-maxIntensity: 0.09382541178043094
stdPitch-minIntensity: 0.31832577466423784
stdPitch-maxPitch: 0.7267349688694406
stdPitch-minPitch: -0.2815420100028482
maxIntensity-minIntensity: -0.041476524319461416
maxIntensity-maxPitch: -0.20844723092655626
maxIntensity-minPitch: 0.6819158849135296
minIntensity-maxPitch: 0.2951482276437601
minIntensity-minPitch: -0.4347145875990637
maxPitch-minPitch: -0.5666022710494188


The correlation coefficient are higher than 7:
intensity-stdIntensity: -0.9558623164235467
pitch-stdPitch: 0.9663229710926761
stdPitch-maxPitch: 0.7267349688694406
