intensity-pitch: 0.8726306785787915
intensity-stdIntensity: -0.9326381379048642
intensity-stdPitch: 0.33005719443853354
intensity-maxIntensity: -0.7064123527933974
intensity-minIntensity: 0.8043209196576682
intensity-maxPitch: -0.30982149645085455
intensity-minPitch: -0.2817122616424582
pitch-stdIntensity: -0.9882320937685032
pitch-stdPitch: 0.6452516417459926
pitch-maxIntensity: -0.8969996657677094
pitch-minIntensity: 0.8881882893149609
pitch-maxPitch: -0.346272964536478
pitch-minPitch: 0.03334996151638653
stdIntensity-stdPitch: -0.5924847349595511
stdIntensity-maxIntensity: 0.8785115838345157
stdIntensity-minIntensity: -0.9097205811340021
stdIntensity-maxPitch: 0.3234450509829432
stdIntensity-minPitch: 0.08960764942207966
stdPitch-maxIntensity: -0.6623700650269522
stdPitch-minIntensity: 0.7750150262414441
stdPitch-maxPitch: 0.29627699796842527
stdPitch-minPitch: 0.2440682637553874
maxIntensity-minIntensity: -0.8929417367150333
maxIntensity-maxPitch: 0.4513767865211154
maxIntensity-minPitch: 0.186088436714761
minIntensity-maxPitch: -0.06812904450830004
minIntensity-minPitch: -0.24416889592441562
maxPitch-minPitch: 0.16846035326221653


The correlation coefficient are higher than 7:
intensity-pitch: 0.8726306785787915
intensity-stdIntensity: -0.9326381379048642
intensity-maxIntensity: -0.7064123527933974
intensity-minIntensity: 0.8043209196576682
pitch-stdIntensity: -0.9882320937685032
pitch-maxIntensity: -0.8969996657677094
pitch-minIntensity: 0.8881882893149609
stdIntensity-maxIntensity: 0.8785115838345157
stdIntensity-minIntensity: -0.9097205811340021
stdPitch-minIntensity: 0.7750150262414441
maxIntensity-minIntensity: -0.8929417367150333
