intensity-pitch: 0.7917827428823752
intensity-stdIntensity: -0.9735014600580488
intensity-stdPitch: 0.5968660252157778
intensity-maxIntensity: -0.41453750604213224
intensity-minIntensity: 0.6955669570696569
intensity-maxPitch: -0.55698136099763
intensity-minPitch: -0.39455552363550117
pitch-stdIntensity: -0.7354829682636662
pitch-stdPitch: 0.9274775158421048
pitch-maxIntensity: -0.02285918067734824
pitch-minIntensity: 0.38154698286847494
pitch-maxPitch: -0.34779964801148144
pitch-minPitch: -0.5682739287402364
stdIntensity-stdPitch: -0.5030108656508627
stdIntensity-maxIntensity: 0.5079984738951868
stdIntensity-minIntensity: -0.7552400315177025
stdIntensity-maxPitch: 0.39930795836184246
stdIntensity-minPitch: 0.4295420167744076
stdPitch-maxIntensity: 0.03274561574363466
stdPitch-minIntensity: 0.20374687423079352
stdPitch-maxPitch: -0.42313166008858716
stdPitch-minPitch: -0.6737766061031355
maxIntensity-minIntensity: -0.61124677721156
maxIntensity-maxPitch: 0.27019907142932026
maxIntensity-minPitch: 0.370463624094987
minIntensity-maxPitch: -0.32973795981125775
minIntensity-minPitch: -0.3571810347230647
maxPitch-minPitch: 0.24896697395827244


The correlation coefficient are higher than 7:
intensity-pitch: 0.7917827428823752
intensity-stdIntensity: -0.9735014600580488
pitch-stdIntensity: -0.7354829682636662
pitch-stdPitch: 0.9274775158421048
stdIntensity-minIntensity: -0.7552400315177025
