intensity-pitch: 0.9089667127253255
intensity-stdIntensity: -0.9526837775419592
intensity-stdPitch: 0.8617856442928762
intensity-maxIntensity: 0.3111062456809459
intensity-minIntensity: 0.8167284002526395
intensity-maxPitch: 0.4626440803685527
intensity-minPitch: -0.8427964148275764
pitch-stdIntensity: -0.9203079077973875
pitch-stdPitch: 0.9766461009610388
pitch-maxIntensity: 0.5514410281874385
pitch-minIntensity: 0.8207465507625777
pitch-maxPitch: 0.5730189592736796
pitch-minPitch: -0.8932634883490334
stdIntensity-stdPitch: -0.9052954240324121
stdIntensity-maxIntensity: -0.4661812495601134
stdIntensity-minIntensity: -0.8032340316829876
stdIntensity-maxPitch: -0.5723091549439838
stdIntensity-minPitch: 0.7210442212421898
stdPitch-maxIntensity: 0.7105364388814441
stdPitch-minIntensity: 0.8929271915266087
stdPitch-maxPitch: 0.7342042524278488
stdPitch-minPitch: -0.8260542021497561
maxIntensity-minIntensity: 0.7167905598072828
maxIntensity-maxPitch: 0.9421244152165197
maxIntensity-minPitch: -0.30939206685109866
minIntensity-maxPitch: 0.8551622664385476
minIntensity-minPitch: -0.7350194661280214
maxPitch-minPitch: -0.3529955872035695


The correlation coefficient are higher than 7:
intensity-pitch: 0.9089667127253255
intensity-stdIntensity: -0.9526837775419592
intensity-stdPitch: 0.8617856442928762
intensity-minIntensity: 0.8167284002526395
intensity-minPitch: -0.8427964148275764
pitch-stdIntensity: -0.9203079077973875
pitch-stdPitch: 0.9766461009610388
pitch-minIntensity: 0.8207465507625777
pitch-minPitch: -0.8932634883490334
stdIntensity-stdPitch: -0.9052954240324121
stdIntensity-minIntensity: -0.8032340316829876
stdIntensity-minPitch: 0.7210442212421898
stdPitch-maxIntensity: 0.7105364388814441
stdPitch-minIntensity: 0.8929271915266087
stdPitch-maxPitch: 0.7342042524278488
stdPitch-minPitch: -0.8260542021497561
maxIntensity-minIntensity: 0.7167905598072828
maxIntensity-maxPitch: 0.9421244152165197
minIntensity-maxPitch: 0.8551622664385476
minIntensity-minPitch: -0.7350194661280214
