intensity-pitch: 0.9137738762024221
intensity-stdIntensity: -0.9604335951557377
intensity-stdPitch: 0.8645832364570205
intensity-maxIntensity: 0.04110612511776586
intensity-minIntensity: 0.3436715194595596
intensity-maxPitch: 0.5691889503613566
intensity-minPitch: 0.5212044865442306
pitch-stdIntensity: -0.8546205212908858
pitch-stdPitch: 0.981686080134202
pitch-maxIntensity: -0.21704734945095552
pitch-minIntensity: 0.12273150904423086
pitch-maxPitch: 0.8382866358017338
pitch-minPitch: 0.5579009154634218
stdIntensity-stdPitch: -0.8506834427519201
stdIntensity-maxIntensity: -0.14847271075000676
stdIntensity-minIntensity: -0.5702399860892668
stdIntensity-maxPitch: -0.561009394301035
stdIntensity-minPitch: -0.4294736710602658
stdPitch-maxIntensity: -0.20394186909246764
stdPitch-minIntensity: 0.2076471507287661
stdPitch-maxPitch: 0.9004406100192899
stdPitch-minPitch: 0.5088635945396798
maxIntensity-minIntensity: 0.3919201694645863
maxIntensity-maxPitch: -0.3169199094294646
maxIntensity-minPitch: -0.08173559831337146
minIntensity-maxPitch: -0.028518799997912375
minIntensity-minPitch: -0.2074022791812536
maxPitch-minPitch: 0.4301507637670391


The correlation coefficient are higher than 7:
intensity-pitch: 0.9137738762024221
intensity-stdIntensity: -0.9604335951557377
intensity-stdPitch: 0.8645832364570205
pitch-stdIntensity: -0.8546205212908858
pitch-stdPitch: 0.981686080134202
pitch-maxPitch: 0.8382866358017338
stdIntensity-stdPitch: -0.8506834427519201
stdPitch-maxPitch: 0.9004406100192899
