intensity-pitch: 0.8891088752174058
intensity-stdIntensity: -0.9782914340055759
intensity-stdPitch: 0.7121055952735624
intensity-maxIntensity: 0.09904283103707892
intensity-minIntensity: 0.8793974399774298
intensity-maxPitch: 0.38472800638326426
intensity-minPitch: -0.5766334251135417
pitch-stdIntensity: -0.8893695384708765
pitch-stdPitch: 0.8997526880949236
pitch-maxIntensity: 0.25976149446606367
pitch-minIntensity: 0.8194314848356979
pitch-maxPitch: 0.43318214862674087
pitch-minPitch: -0.6305214617848964
stdIntensity-stdPitch: -0.7074382579470088
stdIntensity-maxIntensity: -0.10625630022233404
stdIntensity-minIntensity: -0.8189525598392874
stdIntensity-maxPitch: -0.31114402258304
stdIntensity-minPitch: 0.43800020257387723
stdPitch-maxIntensity: 0.16557976719697998
stdPitch-minIntensity: 0.7110480952916148
stdPitch-maxPitch: 0.7203295106100035
stdPitch-minPitch: -0.5322613824847856
maxIntensity-minIntensity: -0.10110099333385947
maxIntensity-maxPitch: -0.29479542600193187
maxIntensity-minPitch: -0.29278290144354074
minIntensity-maxPitch: 0.5598441477715307
minIntensity-minPitch: -0.7549108155279081
maxPitch-minPitch: -0.3922150079127196


The correlation coefficient are higher than 7:
intensity-pitch: 0.8891088752174058
intensity-stdIntensity: -0.9782914340055759
intensity-stdPitch: 0.7121055952735624
intensity-minIntensity: 0.8793974399774298
pitch-stdIntensity: -0.8893695384708765
pitch-stdPitch: 0.8997526880949236
pitch-minIntensity: 0.8194314848356979
stdIntensity-stdPitch: -0.7074382579470088
stdIntensity-minIntensity: -0.8189525598392874
stdPitch-minIntensity: 0.7110480952916148
stdPitch-maxPitch: 0.7203295106100035
minIntensity-minPitch: -0.7549108155279081
