intensity-pitch: 0.8040487172591331
intensity-stdIntensity: -0.8561568605879103
intensity-stdPitch: 0.6987241332894707
intensity-maxIntensity: 0.505663722546193
intensity-minIntensity: 0.23077731598162682
intensity-maxPitch: 0.4049510128117004
intensity-minPitch: 0.7171206740724934
pitch-stdIntensity: -0.4744484930114109
pitch-stdPitch: 0.9236589940879131
pitch-maxIntensity: 0.4186283067602018
pitch-minIntensity: -0.12399328726433223
pitch-maxPitch: 0.3789661925682741
pitch-minPitch: 0.33393292761718335
stdIntensity-stdPitch: -0.37031855255226187
stdIntensity-maxIntensity: -0.5028226074040661
stdIntensity-minIntensity: -0.5880381563136438
stdIntensity-maxPitch: -0.24795361055596593
stdIntensity-minPitch: -0.797767227841772
stdPitch-maxIntensity: 0.5067123437515105
stdPitch-minIntensity: -0.21623979885939548
stdPitch-maxPitch: 0.5019067386419882
stdPitch-minPitch: 0.15179074070473902
maxIntensity-minIntensity: 0.25113760497756865
maxIntensity-maxPitch: 0.5318099067793596
maxIntensity-minPitch: 0.40052246811686204
minIntensity-maxPitch: 0.042284368891459395
minIntensity-minPitch: 0.6225984420459941
maxPitch-minPitch: 0.4287246063389831


The correlation coefficient are higher than 7:
intensity-pitch: 0.8040487172591331
intensity-stdIntensity: -0.8561568605879103
intensity-minPitch: 0.7171206740724934
pitch-stdPitch: 0.9236589940879131
stdIntensity-minPitch: -0.797767227841772
