intensity-pitch: 0.49656234190464
intensity-stdIntensity: -0.913068257169511
intensity-stdPitch: 0.5741380768574899
intensity-maxIntensity: -0.26315104563907915
intensity-minIntensity: 0.4469121901618047
intensity-maxPitch: 0.17470460701565776
intensity-minPitch: -0.3263501790090482
pitch-stdIntensity: -0.3276597140532277
pitch-stdPitch: 0.9643002225043941
pitch-maxIntensity: 0.010272611963314734
pitch-minIntensity: 0.07396710550891737
pitch-maxPitch: 0.45258559458439057
pitch-minPitch: 0.12141252212737637
stdIntensity-stdPitch: -0.4157013072871132
stdIntensity-maxIntensity: 0.03515504166715444
stdIntensity-minIntensity: -0.6460860799682588
stdIntensity-maxPitch: -0.1685681684925246
stdIntensity-minPitch: 0.37855807234950617
stdPitch-maxIntensity: 0.038868834529038415
stdPitch-minIntensity: 0.14875903589046974
stdPitch-maxPitch: 0.5469823097543596
stdPitch-minPitch: 0.03409296972492776
maxIntensity-minIntensity: 0.18781787895565827
maxIntensity-maxPitch: 0.18458493813655108
maxIntensity-minPitch: 0.3680361063608808
minIntensity-maxPitch: -0.11902421713862174
minIntensity-minPitch: -0.29615697757686277
maxPitch-minPitch: 0.07857046995663797


The correlation coefficient are higher than 7:
intensity-stdIntensity: -0.913068257169511
pitch-stdPitch: 0.9643002225043941
