intensity-pitch: 0.9754630343568792
intensity-stdIntensity: -0.9985946891544141
intensity-stdPitch: 0.9247374611694186
intensity-maxIntensity: -0.9807635930522743
intensity-minIntensity: 0.9901408807666606
intensity-maxPitch: 0.7745122810591556
intensity-minPitch: -0.7051127231424418
pitch-stdIntensity: -0.9624242855256292
pitch-stdPitch: 0.9858425875435777
pitch-maxIntensity: -0.913722908469525
pitch-minIntensity: 0.9966852230949095
pitch-maxPitch: 0.8947743340653758
pitch-minPitch: -0.8439281265058751
stdIntensity-stdPitch: -0.9032670886997972
stdIntensity-maxIntensity: 0.989730228847059
stdIntensity-minIntensity: -0.9813259110226908
stdIntensity-maxPitch: -0.7399003381812765
stdIntensity-minPitch: 0.6665421361861608
stdPitch-maxIntensity: -0.832654879401177
stdPitch-minIntensity: 0.9689337362350142
stdPitch-maxPitch: 0.9569759737135294
stdPitch-minPitch: -0.9219297703722455
maxIntensity-minIntensity: -0.9437515617665978
maxIntensity-maxPitch: -0.6361383859453078
maxIntensity-minPitch: 0.5531339807803023
minIntensity-maxPitch: 0.8554820252358873
minIntensity-minPitch: -0.797487524793467
maxPitch-minPitch: -0.9946629434966285


The correlation coefficient are higher than 7:
intensity-pitch: 0.9754630343568792
intensity-stdIntensity: -0.9985946891544141
intensity-stdPitch: 0.9247374611694186
intensity-maxIntensity: -0.9807635930522743
intensity-minIntensity: 0.9901408807666606
intensity-maxPitch: 0.7745122810591556
intensity-minPitch: -0.7051127231424418
pitch-stdIntensity: -0.9624242855256292
pitch-stdPitch: 0.9858425875435777
pitch-maxIntensity: -0.913722908469525
pitch-minIntensity: 0.9966852230949095
pitch-maxPitch: 0.8947743340653758
pitch-minPitch: -0.8439281265058751
stdIntensity-stdPitch: -0.9032670886997972
stdIntensity-maxIntensity: 0.989730228847059
stdIntensity-minIntensity: -0.9813259110226908
stdIntensity-maxPitch: -0.7399003381812765
stdPitch-maxIntensity: -0.832654879401177
stdPitch-minIntensity: 0.9689337362350142
stdPitch-maxPitch: 0.9569759737135294
stdPitch-minPitch: -0.9219297703722455
maxIntensity-minIntensity: -0.9437515617665978
minIntensity-maxPitch: 0.8554820252358873
minIntensity-minPitch: -0.797487524793467
maxPitch-minPitch: -0.9946629434966285
