intensity-pitch: 0.4763228067915901
intensity-stdIntensity: -0.9724325017011963
intensity-stdPitch: 0.46808489906133105
intensity-maxIntensity: -0.10424534503961219
intensity-minIntensity: 0.8784128703481563
intensity-maxPitch: -0.009903894803849678
intensity-minPitch: -0.6646907519327125
pitch-stdIntensity: -0.3717673021769732
pitch-stdPitch: 0.980507652334917
pitch-maxIntensity: 0.11192231660647844
pitch-minIntensity: 0.31077529768305345
pitch-maxPitch: 0.36129018031482846
pitch-minPitch: -0.32912868566854736
stdIntensity-stdPitch: -0.38534136272426744
stdIntensity-maxIntensity: 0.10287788877619534
stdIntensity-minIntensity: -0.9340082840473154
stdIntensity-maxPitch: -0.009907205433373034
stdIntensity-minPitch: 0.5970089804786671
stdPitch-maxIntensity: 0.2228098652538324
stdPitch-minIntensity: 0.32727757459543505
stdPitch-maxPitch: 0.40598403413450107
stdPitch-minPitch: -0.28878611975753954
maxIntensity-minIntensity: 0.04492395466266656
maxIntensity-maxPitch: 0.22715290320578463
maxIntensity-minPitch: 0.587684506629625
minIntensity-maxPitch: 0.1724052625759171
minIntensity-minPitch: -0.4168657716549563
maxPitch-minPitch: 0.045812804461116775


The correlation coefficient are higher than 7:
intensity-stdIntensity: -0.9724325017011963
intensity-minIntensity: 0.8784128703481563
pitch-stdPitch: 0.980507652334917
stdIntensity-minIntensity: -0.9340082840473154
