intensity-pitch: 0.4823182450078143
intensity-stdIntensity: -0.9664310266577165
intensity-stdPitch: 0.45044779201583846
intensity-maxIntensity: 0.3776868254759206
intensity-minIntensity: 0.8258196271660254
intensity-maxPitch: 0.6204118758786263
intensity-minPitch: 0.6341817309289491
pitch-stdIntensity: -0.36925558258080443
pitch-stdPitch: 0.9836408697366761
pitch-maxIntensity: 0.9409115381015963
pitch-minIntensity: 0.1814727389350445
pitch-maxPitch: 0.8095735490032238
pitch-minPitch: 0.0748267423784375
stdIntensity-stdPitch: -0.30748466334040614
stdIntensity-maxIntensity: -0.30871650834420106
stdIntensity-minIntensity: -0.9206683173375398
stdIntensity-maxPitch: -0.4517724662539872
stdIntensity-minPitch: -0.7650321802780957
stdPitch-maxIntensity: 0.9135212700154848
stdPitch-minIntensity: 0.07563411840700215
stdPitch-maxPitch: 0.8654668682278877
stdPitch-minPitch: 0.03888774026372438
maxIntensity-minIntensity: 0.1541791282568213
maxIntensity-maxPitch: 0.7631954496447898
maxIntensity-minPitch: 0.17338934405884776
minIntensity-maxPitch: 0.13869151280137512
minIntensity-minPitch: 0.7247471007719635
maxPitch-minPitch: 0.18512844207837145


The correlation coefficient are higher than 7:
intensity-stdIntensity: -0.9664310266577165
intensity-minIntensity: 0.8258196271660254
pitch-stdPitch: 0.9836408697366761
pitch-maxIntensity: 0.9409115381015963
pitch-maxPitch: 0.8095735490032238
stdIntensity-minIntensity: -0.9206683173375398
stdIntensity-minPitch: -0.7650321802780957
stdPitch-maxIntensity: 0.9135212700154848
stdPitch-maxPitch: 0.8654668682278877
maxIntensity-maxPitch: 0.7631954496447898
minIntensity-minPitch: 0.7247471007719635
