intensity-pitch: 0.6862867606926383
intensity-stdIntensity: -0.9711892094369244
intensity-stdPitch: 0.7292286294733134
intensity-maxIntensity: -0.8838396378042981
intensity-minIntensity: 0.43703644654654544
intensity-maxPitch: -0.6670529200852268
intensity-minPitch: -0.9944876075795619
pitch-stdIntensity: -0.8398443548218725
pitch-stdPitch: 0.9981508756206185
pitch-maxIntensity: -0.26632923362439076
pitch-minIntensity: 0.9541257446211926
pitch-maxPitch: 0.08407957594034238
pitch-minPitch: -0.7587673790482086
stdIntensity-stdPitch: -0.8712871938407436
stdIntensity-maxIntensity: 0.7468966156175318
stdIntensity-minIntensity: -0.6387912745039529
stdIntensity-maxPitch: 0.4702913983316009
stdIntensity-minPitch: 0.9908234021912727
stdPitch-maxIntensity: -0.32442643758343614
stdPitch-minIntensity: 0.9341620098187663
stdPitch-maxPitch: 0.02335423061014774
stdPitch-minPitch: -0.7969574158506433
maxIntensity-minIntensity: 0.034480689425638145
maxIntensity-maxPitch: 0.9380762050921625
maxIntensity-minPitch: 0.8299178303852465
minIntensity-maxPitch: 0.3785684883801008
minIntensity-minPitch: -0.5289377689952224
maxPitch-minPitch: 0.5852584171384128


The correlation coefficient are higher than 7:
intensity-stdIntensity: -0.9711892094369244
intensity-stdPitch: 0.7292286294733134
intensity-maxIntensity: -0.8838396378042981
intensity-minPitch: -0.9944876075795619
pitch-stdIntensity: -0.8398443548218725
pitch-stdPitch: 0.9981508756206185
pitch-minIntensity: 0.9541257446211926
pitch-minPitch: -0.7587673790482086
stdIntensity-stdPitch: -0.8712871938407436
stdIntensity-maxIntensity: 0.7468966156175318
stdIntensity-minPitch: 0.9908234021912727
stdPitch-minIntensity: 0.9341620098187663
stdPitch-minPitch: -0.7969574158506433
maxIntensity-maxPitch: 0.9380762050921625
maxIntensity-minPitch: 0.8299178303852465
