intensity-pitch: 0.781040848181814
intensity-stdIntensity: -0.9767387811585848
intensity-stdPitch: 0.2880367486169741
intensity-maxIntensity: 0.5793871052301278
intensity-minIntensity: 0.9968551617559994
intensity-maxPitch: -0.28060940520026656
intensity-minPitch: 0.017258675979149818
pitch-stdIntensity: -0.6358476954723236
pitch-stdPitch: 0.7762242052085719
pitch-maxIntensity: 0.4797259757168306
pitch-minIntensity: 0.8061296244852268
pitch-maxPitch: 0.3200865400521714
pitch-minPitch: -0.4735448099507489
stdIntensity-stdPitch: -0.1269711265134976
stdIntensity-maxIntensity: -0.5018138151125411
stdIntensity-minIntensity: -0.9691629459144355
stdIntensity-maxPitch: 0.4212933114850269
stdIntensity-minPitch: -0.21795689843039728
stdPitch-maxIntensity: -0.09678976770897701
stdPitch-minIntensity: 0.35050625912330213
stdPitch-maxPitch: 0.8369929829864557
stdPitch-minPitch: -0.45121002366108853
maxIntensity-minIntensity: 0.5259042633499613
maxIntensity-maxPitch: -0.46600874122294034
maxIntensity-minPitch: -0.5332047556934497
minIntensity-maxPitch: -0.21405146517191836
minIntensity-minPitch: 0.023996013906519453
maxPitch-minPitch: -0.4161189598343441


The correlation coefficient are higher than 7:
intensity-pitch: 0.781040848181814
intensity-stdIntensity: -0.9767387811585848
intensity-minIntensity: 0.9968551617559994
pitch-stdPitch: 0.7762242052085719
pitch-minIntensity: 0.8061296244852268
stdIntensity-minIntensity: -0.9691629459144355
stdPitch-maxPitch: 0.8369929829864557
