intensity-pitch: 0.8058182019078761
intensity-stdIntensity: -0.9505282393159123
intensity-stdPitch: 0.7554477131611095
intensity-maxIntensity: 0.7228144465385575
intensity-minIntensity: 0.5779316922816744
intensity-maxPitch: 0.4726582574064865
intensity-minPitch: 0.003419559462954719
pitch-stdIntensity: -0.6630956944992052
pitch-stdPitch: 0.9736494212446836
pitch-maxIntensity: 0.697337544373141
pitch-minIntensity: 0.4163995742380364
pitch-maxPitch: 0.4921339623850233
pitch-minPitch: -0.1668711145840805
stdIntensity-stdPitch: -0.628058947230349
stdIntensity-maxIntensity: -0.647504914626953
stdIntensity-minIntensity: -0.6246315345427336
stdIntensity-maxPitch: -0.3980265329962509
stdIntensity-minPitch: -0.01648387216992392
stdPitch-maxIntensity: 0.7437404845105792
stdPitch-minIntensity: 0.4377255312162902
stdPitch-maxPitch: 0.5988159045236368
stdPitch-minPitch: -0.2368467478415624
maxIntensity-minIntensity: 0.5365267190342293
maxIntensity-maxPitch: 0.8729465868009684
maxIntensity-minPitch: 0.08957049368643463
minIntensity-maxPitch: 0.6168266652383315
minIntensity-minPitch: 0.04311162502786013
maxPitch-minPitch: 0.008441021447678887


The correlation coefficient are higher than 7:
intensity-pitch: 0.8058182019078761
intensity-stdIntensity: -0.9505282393159123
intensity-stdPitch: 0.7554477131611095
intensity-maxIntensity: 0.7228144465385575
pitch-stdPitch: 0.9736494212446836
stdPitch-maxIntensity: 0.7437404845105792
maxIntensity-maxPitch: 0.8729465868009684
