intensity-pitch: 0.5343849015628634
intensity-stdIntensity: -0.9206946881820933
intensity-stdPitch: 0.33444789181260026
intensity-maxIntensity: 0.4760894403050326
intensity-minIntensity: 0.7542862245939775
intensity-maxPitch: -0.16524305124566357
intensity-minPitch: -0.3736950530395
pitch-stdIntensity: -0.33808088388164326
pitch-stdPitch: 0.935753081925477
pitch-maxIntensity: 0.047663752263714845
pitch-minIntensity: 0.230509402252924
pitch-maxPitch: 0.6525533377924373
pitch-minPitch: -0.45389478642678505
stdIntensity-stdPitch: -0.19971533505677527
stdIntensity-maxIntensity: -0.4794481386896778
stdIntensity-minIntensity: -0.9264997182565368
stdIntensity-maxPitch: 0.2495691804314306
stdIntensity-minPitch: 0.09722337597339108
stdPitch-maxIntensity: -0.05681452100019562
stdPitch-minIntensity: 0.14468715390890513
stdPitch-maxPitch: 0.8385848704025035
stdPitch-minPitch: -0.2625196482048394
maxIntensity-minIntensity: 0.56750228384875
maxIntensity-maxPitch: -0.23942415640030837
maxIntensity-minPitch: -0.012851661243459767
minIntensity-maxPitch: -0.22004052472336874
minIntensity-minPitch: 0.0327923550758602
maxPitch-minPitch: -0.11981487363919102


The correlation coefficient are higher than 7:
intensity-stdIntensity: -0.9206946881820933
intensity-minIntensity: 0.7542862245939775
pitch-stdPitch: 0.935753081925477
stdIntensity-minIntensity: -0.9264997182565368
stdPitch-maxPitch: 0.8385848704025035
