intensity-pitch: 0.2820268453056918
intensity-stdIntensity: -0.9456774856186743
intensity-stdPitch: 0.2955712857143331
intensity-maxIntensity: 0.05012945119307019
intensity-minIntensity: 0.5984966211537052
intensity-maxPitch: -0.8838598929038988
intensity-minPitch: 0.051252536212370026
pitch-stdIntensity: -0.3736773960035089
pitch-stdPitch: 0.9453150021561761
pitch-maxIntensity: 0.43117566645550887
pitch-minIntensity: 0.23783112360163539
pitch-maxPitch: -0.38238824183575454
pitch-minPitch: 0.7142670193300642
stdIntensity-stdPitch: -0.37119797451198205
stdIntensity-maxIntensity: -0.30223146539555784
stdIntensity-minIntensity: -0.6722442085190896
stdIntensity-maxPitch: 0.8769688377567086
stdIntensity-minPitch: -0.06216087478750509
stdPitch-maxIntensity: 0.39045807556457623
stdPitch-minIntensity: 0.19051309611949158
stdPitch-maxPitch: -0.3372699596197809
stdPitch-minPitch: 0.7738413759658742
maxIntensity-minIntensity: 0.2475032785621356
maxIntensity-maxPitch: -0.2282657670777325
maxIntensity-minPitch: 0.013768926743102941
minIntensity-maxPitch: -0.3047293000501404
minIntensity-minPitch: 0.34455088417337043
maxPitch-minPitch: 0.14403506899206397


The correlation coefficient are higher than 7:
intensity-stdIntensity: -0.9456774856186743
intensity-maxPitch: -0.8838598929038988
pitch-stdPitch: 0.9453150021561761
pitch-minPitch: 0.7142670193300642
stdIntensity-maxPitch: 0.8769688377567086
stdPitch-minPitch: 0.7738413759658742
