intensity-pitch: 0.4633995968170462
intensity-stdIntensity: -0.9408185349576816
intensity-stdPitch: 0.44909069595071466
intensity-maxIntensity: -0.4913959567598258
intensity-minIntensity: 0.4737291082451982
intensity-maxPitch: 0.0903329622095995
intensity-minPitch: -0.3780316148612566
pitch-stdIntensity: -0.20194988715889736
pitch-stdPitch: 0.9824453330642333
pitch-maxIntensity: -0.24868403710780404
pitch-minIntensity: 0.3488223364055324
pitch-maxPitch: 0.6633234069277371
pitch-minPitch: -0.06446824489865029
stdIntensity-stdPitch: -0.18770512024313493
stdIntensity-maxIntensity: 0.519506460154906
stdIntensity-minIntensity: -0.5199840838190785
stdIntensity-maxPitch: 0.15010829060583708
stdIntensity-minPitch: 0.28611492888583023
stdPitch-maxIntensity: -0.2528785235910451
stdPitch-minIntensity: 0.3228092484092948
stdPitch-maxPitch: 0.6905256935003807
stdPitch-minPitch: -0.14135179639755502
maxIntensity-minIntensity: -0.6492342131874052
maxIntensity-maxPitch: -0.1271760973850446
maxIntensity-minPitch: 0.08343338469345618
minIntensity-maxPitch: 0.08547216806549832
minIntensity-minPitch: -0.07550010523161291
maxPitch-minPitch: -0.048591418031248446


The correlation coefficient are higher than 7:
intensity-stdIntensity: -0.9408185349576816
pitch-stdPitch: 0.9824453330642333
