intensity-pitch: 0.8890627064204751
intensity-stdIntensity: -0.9724075471339236
intensity-stdPitch: 0.9066382696575569
intensity-maxIntensity: 0.5887654153051972
intensity-minIntensity: 0.7066536495137761
intensity-maxPitch: 0.5955150836672471
intensity-minPitch: -0.5691733587111988
pitch-stdIntensity: -0.7784666224137742
pitch-stdPitch: 0.969836252451023
pitch-maxIntensity: 0.7748175171123347
pitch-minIntensity: 0.49159412021147725
pitch-maxPitch: 0.48130883946368086
pitch-minPitch: -0.2975355917774007
stdIntensity-stdPitch: -0.820545685797604
stdIntensity-maxIntensity: -0.44613668385065874
stdIntensity-minIntensity: -0.7167830426788724
stdIntensity-maxPitch: -0.611404911113678
stdIntensity-minPitch: 0.5518390691381345
stdPitch-maxIntensity: 0.7665017147774058
stdPitch-minIntensity: 0.5229414479896389
stdPitch-maxPitch: 0.6719385890401217
stdPitch-minPitch: -0.33014322705568144
maxIntensity-minIntensity: 0.1447375655293981
maxIntensity-maxPitch: 0.4239038213783284
maxIntensity-minPitch: -0.08517362349174254
minIntensity-maxPitch: 0.2988775130546355
minIntensity-minPitch: -0.8019465407427685
maxPitch-minPitch: -0.31193497313065277


The correlation coefficient are higher than 7:
intensity-pitch: 0.8890627064204751
intensity-stdIntensity: -0.9724075471339236
intensity-stdPitch: 0.9066382696575569
intensity-minIntensity: 0.7066536495137761
pitch-stdIntensity: -0.7784666224137742
pitch-stdPitch: 0.969836252451023
pitch-maxIntensity: 0.7748175171123347
stdIntensity-stdPitch: -0.820545685797604
stdIntensity-minIntensity: -0.7167830426788724
stdPitch-maxIntensity: 0.7665017147774058
minIntensity-minPitch: -0.8019465407427685
