intensity-pitch: 0.6458367085906841
intensity-stdIntensity: -0.7465494720178567
intensity-stdPitch: 0.5313740066433036
intensity-maxIntensity: -0.3195401825454842
intensity-minIntensity: 0.3725606504165833
intensity-maxPitch: 0.6399347257376439
intensity-minPitch: 0.12937840356173944
pitch-stdIntensity: -0.5525958066149789
pitch-stdPitch: 0.9676676725054894
pitch-maxIntensity: -0.4662158162865262
pitch-minIntensity: 0.10263999204242735
pitch-maxPitch: 0.635654144382629
pitch-minPitch: 0.07626337635866308
stdIntensity-stdPitch: -0.5415372647495191
stdIntensity-maxIntensity: 0.4111075797087623
stdIntensity-minIntensity: -0.8410124443335445
stdIntensity-maxPitch: -0.6647205364025708
stdIntensity-minPitch: 0.06639804093956989
stdPitch-maxIntensity: -0.3835545283018275
stdPitch-minIntensity: 0.13525421355536582
stdPitch-maxPitch: 0.7191626217215533
stdPitch-minPitch: -0.0003606834998092223
maxIntensity-minIntensity: -0.17416352914147049
maxIntensity-maxPitch: -0.24217184045950732
maxIntensity-minPitch: 0.22272379519499394
minIntensity-maxPitch: 0.3288261378875742
minIntensity-minPitch: -0.041357149285275445
maxPitch-minPitch: -0.1732946732070165


The correlation coefficient are higher than 7:
intensity-stdIntensity: -0.7465494720178567
pitch-stdPitch: 0.9676676725054894
stdIntensity-minIntensity: -0.8410124443335445
stdPitch-maxPitch: 0.7191626217215533
