intensity-pitch: -0.7919151270207389
intensity-stdIntensity: 0.9875559367548385
intensity-stdPitch: -0.8719837014910878
intensity-maxIntensity: 0.3174503135128438
intensity-minIntensity: -0.6739218585019424
intensity-maxPitch: -0.8631654821503061
intensity-minPitch: -0.9778748287324478
pitch-stdIntensity: -0.8780933217892325
pitch-stdPitch: 0.989462358554155
pitch-maxIntensity: -0.8304399255544829
pitch-minIntensity: 0.9848248331035001
pitch-maxPitch: 0.9918743869687373
pitch-minPitch: 0.9021323347953596
stdIntensity-stdPitch: -0.9381209314182624
stdIntensity-maxIntensity: 0.4626333843227217
stdIntensity-minIntensity: -0.7817256572002191
stdIntensity-maxPitch: -0.9318322100080774
stdIntensity-minPitch: -0.9986051538700081
stdPitch-maxIntensity: -0.7410251668085908
stdPitch-minIntensity: 0.9493185536696042
stdPitch-maxPitch: 0.9998427515173209
stdPitch-minPitch: 0.9550971447757188
maxIntensity-minIntensity: -0.9145247018384477
maxIntensity-maxPitch: -0.75281619303016
maxIntensity-minPitch: -0.5087971219419452
minIntensity-maxPitch: 0.9547431477038244
minIntensity-minPitch: 0.8135619859071724
maxPitch-minPitch: 0.9496926881760479


The correlation coefficient are higher than 7:
intensity-pitch: -0.7919151270207389
intensity-stdIntensity: 0.9875559367548385
intensity-stdPitch: -0.8719837014910878
intensity-maxPitch: -0.8631654821503061
intensity-minPitch: -0.9778748287324478
pitch-stdIntensity: -0.8780933217892325
pitch-stdPitch: 0.989462358554155
pitch-maxIntensity: -0.8304399255544829
pitch-minIntensity: 0.9848248331035001
pitch-maxPitch: 0.9918743869687373
pitch-minPitch: 0.9021323347953596
stdIntensity-stdPitch: -0.9381209314182624
stdIntensity-minIntensity: -0.7817256572002191
stdIntensity-maxPitch: -0.9318322100080774
stdIntensity-minPitch: -0.9986051538700081
stdPitch-maxIntensity: -0.7410251668085908
stdPitch-minIntensity: 0.9493185536696042
stdPitch-maxPitch: 0.9998427515173209
stdPitch-minPitch: 0.9550971447757188
maxIntensity-minIntensity: -0.9145247018384477
maxIntensity-maxPitch: -0.75281619303016
minIntensity-maxPitch: 0.9547431477038244
minIntensity-minPitch: 0.8135619859071724
maxPitch-minPitch: 0.9496926881760479
