intensity-pitch: -0.918059636826322
intensity-stdIntensity: -0.9904098132829863
intensity-stdPitch: -0.7602897377346409
intensity-maxIntensity: 0.0018947232208085807
intensity-minIntensity: -0.08645142844450732
intensity-maxPitch: -0.37230267875503686
intensity-minPitch: -0.8152849992601688
pitch-stdIntensity: 0.8544824941599413
pitch-stdPitch: 0.9555139436484764
pitch-maxIntensity: -0.39818106487074867
pitch-minIntensity: -0.31559048702747433
pitch-maxPitch: 0.7097386753081318
pitch-minPitch: 0.5189164066034792
stdIntensity-stdPitch: 0.663251368548982
stdIntensity-maxIntensity: 0.1362839817844795
stdIntensity-minIntensity: 0.22326586060911832
stdIntensity-maxPitch: 0.24050363363344174
stdIntensity-minPitch: 0.8874696329066858
stdPitch-maxIntensity: -0.6510234816470175
stdPitch-minIntensity: -0.5814239756145343
stdPitch-maxPitch: 0.8859443034382481
stdPitch-minPitch: 0.24370470782373788
maxIntensity-minIntensity: 0.9960904769435541
maxIntensity-maxPitch: -0.9288151147249744
maxIntensity-minPitch: 0.5775141230676695
minIntensity-maxPitch: -0.8924504847266153
minIntensity-minPitch: 0.6473744930441252
maxPitch-minPitch: -0.23389928976920749


The correlation coefficient are higher than 7:
intensity-pitch: -0.918059636826322
intensity-stdIntensity: -0.9904098132829863
intensity-stdPitch: -0.7602897377346409
intensity-minPitch: -0.8152849992601688
pitch-stdIntensity: 0.8544824941599413
pitch-stdPitch: 0.9555139436484764
pitch-maxPitch: 0.7097386753081318
stdIntensity-minPitch: 0.8874696329066858
stdPitch-maxPitch: 0.8859443034382481
maxIntensity-minIntensity: 0.9960904769435541
maxIntensity-maxPitch: -0.9288151147249744
minIntensity-maxPitch: -0.8924504847266153
