intensity-pitch: 0.47181823537240475
intensity-stdIntensity: -0.9597587506026641
intensity-stdPitch: 0.4152089669568458
intensity-maxIntensity: 0.6179080286853854
intensity-minIntensity: 0.5381372094543493
intensity-maxPitch: 0.49606919581112663
intensity-minPitch: 0.17573386892896545
pitch-stdIntensity: -0.2626882136565832
pitch-stdPitch: 0.9917884466970623
pitch-maxIntensity: 0.7334718098946291
pitch-minIntensity: 0.2263035891015915
pitch-maxPitch: 0.9230295562827903
pitch-minPitch: -0.18697982889620626
stdIntensity-stdPitch: -0.19965040692322955
stdIntensity-maxIntensity: -0.4755767253276714
stdIntensity-minIntensity: -0.6502080857174402
stdIntensity-maxPitch: -0.29868216441848205
stdIntensity-minPitch: -0.23644017760975686
stdPitch-maxIntensity: 0.7527914601178762
stdPitch-minIntensity: 0.1875893658087854
stdPitch-maxPitch: 0.9285668379452315
stdPitch-minPitch: -0.23269337850818828
maxIntensity-minIntensity: 0.4830642928998185
maxIntensity-maxPitch: 0.839329169599619
maxIntensity-minPitch: -0.0711883636806197
minIntensity-maxPitch: 0.21934141445331493
minIntensity-minPitch: 0.3534541002248349
maxPitch-minPitch: -0.29659800258093194


The correlation coefficient are higher than 7:
intensity-stdIntensity: -0.9597587506026641
pitch-stdPitch: 0.9917884466970623
pitch-maxIntensity: 0.7334718098946291
pitch-maxPitch: 0.9230295562827903
stdPitch-maxIntensity: 0.7527914601178762
stdPitch-maxPitch: 0.9285668379452315
maxIntensity-maxPitch: 0.839329169599619
