intensity-pitch: -0.6937054166401275
intensity-stdIntensity: -0.9010738122329718
intensity-stdPitch: -0.5145232108218234
intensity-maxIntensity: 0.08181195184215762
intensity-minIntensity: 0.6208665206983062
intensity-maxPitch: -0.7041291045199741
intensity-minPitch: 0.6089615123188439
pitch-stdIntensity: 0.937431375691746
pitch-stdPitch: 0.9745325318948093
pitch-maxIntensity: 0.6610909812004442
pitch-minIntensity: -0.9953211115165378
pitch-maxPitch: 0.9998937872285237
pitch-minPitch: 0.1488692463151649
stdIntensity-stdPitch: 0.8354815618287125
stdIntensity-maxIntensity: 0.3584934037345959
stdIntensity-minIntensity: -0.8994042143111544
stdIntensity-maxPitch: 0.9424061922117469
stdIntensity-minPitch: -0.20473569587432222
stdPitch-maxIntensity: 0.8125078570999775
stdPitch-minIntensity: -0.9916400021595475
stdPitch-maxPitch: 0.9711607620634245
stdPitch-minPitch: 0.3668252925743032
maxIntensity-minIntensity: -0.7304941397969683
maxIntensity-maxPitch: 0.6500854798151633
maxIntensity-minPitch: 0.8403611235054516
minIntensity-maxPitch: -0.9938071787045679
minIntensity-minPitch: -0.24371841317542461
maxPitch-minPitch: 0.13444140043882988


The correlation coefficient are higher than 7:
intensity-stdIntensity: -0.9010738122329718
intensity-maxPitch: -0.7041291045199741
pitch-stdIntensity: 0.937431375691746
pitch-stdPitch: 0.9745325318948093
pitch-minIntensity: -0.9953211115165378
pitch-maxPitch: 0.9998937872285237
stdIntensity-stdPitch: 0.8354815618287125
stdIntensity-minIntensity: -0.8994042143111544
stdIntensity-maxPitch: 0.9424061922117469
stdPitch-maxIntensity: 0.8125078570999775
stdPitch-minIntensity: -0.9916400021595475
stdPitch-maxPitch: 0.9711607620634245
maxIntensity-minIntensity: -0.7304941397969683
maxIntensity-minPitch: 0.8403611235054516
minIntensity-maxPitch: -0.9938071787045679
