intensity-pitch: 0.7471471086390677
intensity-stdIntensity: -0.9683655905982029
intensity-stdPitch: 0.773546022350592
intensity-maxIntensity: 0.947374753291846
intensity-minIntensity: 0.7518040617230977
intensity-maxPitch: 0.5533623563989641
intensity-minPitch: -0.23712301057236823
pitch-stdIntensity: -0.7500393910327503
pitch-stdPitch: 0.9919421294573991
pitch-maxIntensity: 0.7718302543727873
pitch-minIntensity: 0.8346690198773521
pitch-maxPitch: 0.7033020318610359
pitch-minPitch: -0.05814769800636761
stdIntensity-stdPitch: -0.7724500357724027
stdIntensity-maxIntensity: -0.9811984171747153
stdIntensity-minIntensity: -0.8536123303935
stdIntensity-maxPitch: -0.6015914872659549
stdIntensity-minPitch: 0.09878079725837649
stdPitch-maxIntensity: 0.7958286305169787
stdPitch-minIntensity: 0.8431766227523334
stdPitch-maxPitch: 0.7765493496783914
stdPitch-minPitch: -0.10927712529727045
maxIntensity-minIntensity: 0.8176256160599477
maxIntensity-maxPitch: 0.6573784152310589
maxIntensity-minPitch: -0.1811333632726277
minIntensity-maxPitch: 0.7027811689311584
minIntensity-minPitch: 0.2030678089841648
maxPitch-minPitch: -0.14919274704038027


The correlation coefficient are higher than 7:
intensity-pitch: 0.7471471086390677
intensity-stdIntensity: -0.9683655905982029
intensity-stdPitch: 0.773546022350592
intensity-maxIntensity: 0.947374753291846
intensity-minIntensity: 0.7518040617230977
pitch-stdIntensity: -0.7500393910327503
pitch-stdPitch: 0.9919421294573991
pitch-maxIntensity: 0.7718302543727873
pitch-minIntensity: 0.8346690198773521
pitch-maxPitch: 0.7033020318610359
stdIntensity-stdPitch: -0.7724500357724027
stdIntensity-maxIntensity: -0.9811984171747153
stdIntensity-minIntensity: -0.8536123303935
stdPitch-maxIntensity: 0.7958286305169787
stdPitch-minIntensity: 0.8431766227523334
stdPitch-maxPitch: 0.7765493496783914
maxIntensity-minIntensity: 0.8176256160599477
minIntensity-maxPitch: 0.7027811689311584
