intensity-pitch: 0.40471095910768584
intensity-stdIntensity: -0.993096823388927
intensity-stdPitch: 0.5285763700563991
intensity-maxIntensity: -0.4670396256595698
intensity-minIntensity: 0.9566197707745915
intensity-maxPitch: 0.9772221837958455
intensity-minPitch: -0.23430774319955375
pitch-stdIntensity: -0.29520663699584676
pitch-stdPitch: 0.9779893379767635
pitch-maxIntensity: -0.25354721066113095
pitch-minIntensity: 0.40470777619273746
pitch-maxPitch: 0.5537219552278947
pitch-minPitch: 0.44841801769486267
stdIntensity-stdPitch: -0.42564280524377945
stdIntensity-maxIntensity: 0.466051535725699
stdIntensity-minIntensity: -0.9443225468418464
stdIntensity-maxPitch: -0.9488246124437545
stdIntensity-minPitch: 0.3111567831372232
stdPitch-maxIntensity: -0.17374975721385122
stdPitch-minIntensity: 0.565247940983649
stdPitch-maxPitch: 0.6795270388343888
stdPitch-minPitch: 0.48784381242955455
maxIntensity-minIntensity: -0.19190079165811919
maxIntensity-maxPitch: -0.3603154243834032
maxIntensity-minPitch: 0.7457860789516471
minIntensity-maxPitch: 0.9738696965469159
minIntensity-minPitch: 0.010967925604286083
maxPitch-minPitch: -0.03162666589891115


The correlation coefficient are higher than 7:
intensity-stdIntensity: -0.993096823388927
intensity-minIntensity: 0.9566197707745915
intensity-maxPitch: 0.9772221837958455
pitch-stdPitch: 0.9779893379767635
stdIntensity-minIntensity: -0.9443225468418464
stdIntensity-maxPitch: -0.9488246124437545
maxIntensity-minPitch: 0.7457860789516471
minIntensity-maxPitch: 0.9738696965469159
